Adjacency List
-----------------------------------
Vertices     Adjacent
    23       24 
    24       23 
     5       13 
    13       5 19 
    26       9 11 18 
     9       26 18 19 
    11       26 
    18       26 9 
    19       13 9 
----------------------------------------------------------------------------------
Adjacency Matrix
----------------------------------------------------------------------------------
           23    24     5    13    26     9    11    18    19
       ------------------------------------------------------
    23|     0     1     0     0     0     0     0     0     0
    24|     1     0     0     0     0     0     0     0     0
     5|     0     0     0     1     0     0     0     0     0
    13|     0     0     1     0     0     0     0     0     1
    26|     0     0     0     0     0     1     1     1     0
     9|     0     0     0     0     1     0     0     1     1
    11|     0     0     0     0     1     0     0     0     0
    18|     0     0     0     0     1     1     0     0     0
    19|     0     0     0     1     0     1     0     0     0
