Adjacency List
-----------------------------------
Vertices     Adjacent
     6       4 
     4       6 5 3 
     5       4 2 1 
     3       4 2 
     2       3 5 1 
     1       2 5 
----------------------------------------------------------------------------------
Adjacency Matrix
----------------------------------------------------------------------------------
            6     4     5     3     2     1
       ------------------------------------
     6|     0     1     0     0     0     0
     4|     1     0     1     1     0     0
     5|     0     1     0     0     1     1
     3|     0     1     0     0     1     0
     2|     0     0     1     1     0     1
     1|     0     0     1     0     1     0
