567
7089
8367
6176
4623
6429
3183
3010
899
1558
1993
9025
6435
1915
9655
1561
3853
2724
1464
389
9265
2368
1259
3395
2709
8798
777
712
4314
4281
5464
6515
6846
2712
8541
3014
5075
3061
82
1378
9839
5515
8424
1378
1094
6662
1918
3851
6742
4086
7091
1154
8145
6308
1225
3118
7600
5480
7307
9024
5717
5546
5152
1137
2930
1143
4064
1851
5384
1926
1462
426
2659
8380
343
2788
8180
4253
2498
1718
8095
4452
5272
5553
9463
6917
8158
1014
758
8385
8705
9806
1713
8105
3593
4349
2538
1111
8641
5303
7592
6793
7605
4739
9957
3775
3997
3775
4327
7448
7466
1748
8049
8839
1919
204
2634
9676
1042
1090
2815
8272
9810
121
2692
2817
3642
5775
2224
5615
1463
5682
2954
4854
663
3284
2399
2365
8355
1787
8150
5198
6463
9373
2341
8232
5039
5882
756
7953
3500
666
7234
175
9255
569
9960
8425
28
5583
6907
6393
5515
2229
1942
5653
2964
4501
1783
782
1713
1201
1944
3273
7608
5031
2305
9581
5360
292
1676
4699
3796
7606
5850
2324
9463
2070
1268
6024
423
2790
8803
1147
4804
1111
1476
1085
4243
5679
1671
4394
2318
6089
1687
5327
2590
2476
3807
9646
7404
833
1386
3524
7604
5855
7788
2761
8347
777
4655
9063
1602
8651
1265
7390
4363
8193
460
936
6108
4649
2293
2841
3282
4681
3642
137
6040
1540
9382
5621
6712
3529
6166
386
5233
2668
7777
2724
7610
2538
3539
1646
3286
3271
2171
298
248
3498
1478
7340
7576
2555
2875
4498
439
2139
2217
1599
9999
2597
6093
8968
7087
5172
3209
830
4406
7542
6145
9422
2749
7359
8855
1925
9834
7296
538
2087
9538
1210
9098
4786
5071
8318
2080
3710
7874
3318
3804
5961
8379
3801
3838
2656
8887
8411
8921
3824
7481
